index,modelTaz
1,37001
2,37002
3,37003
4,37004
5,37005
6,37006
7,37007
8,37008
9,37009
10,37010
11,37011
12,37012
13,37013
14,37014
15,37015
16,37016
17,37017
18,37018
19,37019
20,37020
21,37021
22,37022
23,37023
24,37024
25,37025
26,37026
27,37027
28,37028
29,37029
30,37030
31,37031
32,37032
33,37033
34,37034
35,37035
36,37036
37,37037
38,37038
39,37039
40,37040
41,37041
42,37042
43,37043
44,37044
45,37045
46,37046
47,37047
48,37048
49,37049
50,37050
51,37051
52,37052
53,37053
54,37054
55,37055
56,37056
57,37057
58,37058
59,37059
60,37060
61,37061
62,37062
63,37063
64,37064
65,37065
66,37066
67,37067
68,37068
69,37069
70,37070
71,37071
72,37072
73,37073
74,37074
75,37075
76,37076
77,37077
78,37078
79,37079
80,37080
81,37081
82,37082
83,37083
84,37084
85,37085
86,37086
87,37087
88,37088
89,37089
90,37090
91,37091
92,37092
93,37093
94,37094
95,37095
96,37096
97,37097
98,37098
99,37099
100,37100
101,37101
102,37102
103,37103
104,37104
105,37105
106,37106
107,37107
108,37108
109,37109
110,37110
111,37111
112,37112
113,37113
114,37114
115,37115
116,37116
117,37117
118,37118
119,37119
120,37120
121,37121
122,37122
123,37123
124,37124
125,37125
126,37126
127,37127
128,37128
129,37129
130,37130
131,37131
132,37132
133,37133
134,37134
135,37135
136,37136
137,37137
138,37138
139,37139
140,37140
141,37141
142,37142
143,37143
144,37144
145,37145
146,37146
147,37147
148,37148
149,37149
150,37150
151,37151
152,37152
153,37153
154,37154
155,37155
156,37156
157,37157
158,37158
159,37159
160,37160
161,37161
162,37162
163,37163
164,37164
165,37165
166,37166
167,37167
168,37168
169,37169
170,37170
171,37171
172,37172
173,37173
174,37174
175,37175
176,37176
177,37177
178,37178
179,37179
180,37180
181,37181
182,37182
183,37183
184,37184
185,37185
186,37186
187,37187
188,37188
189,37189
190,37190
191,37191
192,37192
193,37193
194,37194
195,37195
196,37196
197,37197
198,37198
199,37199
200,37200
201,37201
202,37202
203,37203
204,37204
205,37205
206,37206
207,37207
208,37208
209,37209
210,37210
211,37211
212,37212
213,37213
214,37214
215,37215
216,37216
217,37217
218,37218
219,37219
220,37220
221,37221
222,37222
223,37223
224,37224
225,37225
226,37226
227,37227
228,37228
229,37229
230,37230
231,37231
232,37232
233,37233
234,37234
235,37235
236,37236
237,37237
238,37238
239,37239
240,37240
241,37241
242,37242
243,37243
244,37244
245,37245
246,37246
247,37247
248,37248
249,37249
250,37250
251,37251
252,37252
253,37253
254,37254
255,37255
256,37256
257,37257
258,37258
259,37259
260,37260
261,37261
262,37262
263,37263
264,37264
265,37265
266,37266
267,37267
268,37268
269,37269
270,37270
271,37271
272,37272
273,37273
274,37274
275,37275
276,37276
277,37277
278,37278
279,37279
280,37280
281,37281
282,37282
283,37283
284,37284
285,37285
286,37286
287,37287
288,37288
289,37289
290,37290
291,37291
292,37292
293,37293
294,37294
295,37295
296,37296
297,37297
298,37298
299,37299
300,37300
301,37301
302,37302
303,37303
304,37304
305,37305
306,37306
307,37307
308,37308
309,37309
310,37310
311,37311
312,37312
313,37313
314,37314
315,37315
316,37316
317,37317
318,37318
319,37319
320,37320
321,37321
322,37322
323,37323
324,37324
325,37325
326,37326
327,37327
328,37328
329,37329
330,37330
331,37331
332,37332
333,37333
334,37334
335,37335
336,37336
337,37337
338,37338
339,37339
340,37340
341,37341
342,37342
343,37343
344,37344
345,37345
346,37346
347,37347
348,37348
349,37349
350,37350
351,37351
352,37352
353,37353
354,37354
355,37355
356,37356
357,37357
358,37358
359,37359
360,37360
361,37361
362,37362
363,37363
364,37364
365,37365
366,37366
367,37367
368,37368
369,37369
370,37370
371,37371
372,37372
373,37373
374,37374
375,37375
376,37376
377,37377
378,37378
379,37379
380,37380
381,37381
382,37382
383,37383
384,37384
385,37385
386,37386
387,37387
388,37388
389,37389
390,37390
391,37391
392,37392
393,37393
394,37394
395,37395
396,37396
397,37397
398,37398
399,37399
400,37400
401,37401
402,37402
403,37403
404,37404
405,37405
406,37406
407,37407
408,37408
409,37409
410,37410
411,37411
412,37412
413,37413
414,37414
415,37415
416,37416
417,37417
418,37418
419,37419
420,37420
421,37421
422,37422
423,37423
424,37424
425,37425
426,37426
427,37427
428,37428
429,37429
430,37430
431,37431
432,37432
433,37433
434,37434
435,37435
436,37436
437,37437
438,37438
439,37439
440,37440
441,37441
442,37442
443,37443
444,37444
445,37445
446,37446
447,37447
448,37448
449,37449
450,37450
451,37451
452,37452
453,37453
454,37454
455,37455
456,37456
457,37457
458,37458
459,37459
460,37460
461,37461
462,37462
463,37463
464,37464
465,37465
466,37466
467,37467
468,37468
469,37469
470,37470
471,37471
472,37472
473,37473
474,37474
475,37475
476,37476
477,37477
478,37478
479,37479
480,37480
481,37481
482,37482
483,37483
484,37484
485,37485
486,37486
487,37487
488,37488
489,37489
490,37490
491,37491
492,37492
493,37493
494,37494
495,37495
496,37496
497,37497
498,37498
499,37499
500,37500
501,37501
502,37502
503,37503
504,37504
505,37505
506,37506
507,37507
508,37508
509,37509
510,37510
511,37511
512,37512
513,37513
514,37514
515,37515
516,37516
517,37517
518,37518
519,37519
520,37520
521,37521
522,37522
523,37523
524,37524
525,37525
526,37526
527,37527
528,37528
529,37529
530,37530
531,37531
532,37532
533,37533
534,37534
535,37535
536,37536
537,37537
538,37538
539,37539
540,37540
541,37541
542,37542
543,37543
544,37544
545,37545
546,37546
547,37547
548,37548
549,37549
550,37550
551,37551
552,37552
553,37553
554,37554
555,37555
556,37556
557,37557
558,37558
559,37559
560,37560
561,37561
562,37562
563,37563
564,37564
565,37565
566,37566
567,37567
568,37568
569,37569
570,37570
571,37571
572,37572
573,37573
574,37574
575,37575
576,37576
577,37577
578,37578
579,37579
580,37580
581,37581
582,37582
583,37583
584,37584
585,37585
586,37586
587,37587
588,37588
589,37589
590,37590
591,37591
592,37592
593,37593
594,37594
595,37595
596,37596
597,37597
598,37598
599,37599
600,37600
601,37601
602,37602
603,37603
604,37604
605,37605
606,37606
607,37607
608,37608
609,37609
610,37610
611,37611
612,37612
613,37613
614,37614
615,37615
616,37616
617,37617
618,37618
619,37619
620,37620
621,37621
622,37622
623,37623
624,37624
625,37625
626,37626
627,37627
628,37628
629,37629
630,37630
631,37631
632,37632
633,37633
634,37634
635,37635
636,37636
637,37637
638,37638
639,37639
640,37640
641,37641
642,37642
643,37643
644,37644
645,37645
646,37646
647,37647
648,37648
649,37649
650,37650
651,37651
652,37652
653,37653
654,37654
655,37655
656,37656
657,37657
658,37658
659,37659
660,37660
661,37661
662,37662
663,37663
664,37664
665,37665
666,37666
667,37667
668,37668
669,37669
670,37670
671,37671
672,37672
673,37673
674,37674
675,37675
676,37676
677,37677
678,37678
679,37679
680,37680
681,37681
682,37682
683,37683
684,37684
685,37685
686,37686
687,37687
688,37688
689,37689
690,37690
691,37691
692,37692
693,37693
694,37694
695,37695
696,37696
697,37697
698,37698
699,37699
700,37700
701,37701
702,37702
703,37703
704,37704
705,37705
706,37706
707,37707
708,37708
709,37709
710,37710
711,37711
712,37712
713,37713
714,37714
715,37715
716,37716
717,37717
718,37718
719,37719
720,37720
721,37721
722,37722
723,37723
724,37724
725,37725
726,37726
727,37727
728,37728
729,37729
730,37730
731,37731
732,37732
733,37733
734,37734
735,37735
736,37736
737,37737
738,37738
739,37739
740,37740
741,37741
742,37742
743,37743
744,37744
745,37745
746,37746
747,37747
748,37748
749,37749
750,37750
751,37751
752,37752
753,37753
754,37754
755,37755
756,37756
757,37757
758,37758
759,37759
760,37760
761,37761
762,37762
763,37763
764,37764
765,37765
766,37766
767,37767
768,37768
769,37769
770,37770
771,37771
772,37772
773,37773
774,37774
775,37775
776,37776
777,37777
778,37778
779,37779
780,37780
781,37781
782,37782
783,37783
784,37784
785,37785
786,37786
787,37787
788,37788
789,37789
790,37790
791,37791
792,37792
793,37793
794,37794
795,37795
796,37796
797,37797
798,37798
799,37799
800,37800
801,37801
802,37802
803,37803
804,37804
805,37805
806,37806
807,37807
808,37808
809,37809
810,37810
811,37811
812,37812
813,37813
814,37814
815,37815
816,37816
817,37817
818,37818
819,37819
820,37820
821,37821
822,37822
823,37823
824,37824
825,37825
826,37826
827,37827
828,37828
829,37829
830,37830
831,37831
832,37832
833,37833
834,37834
835,37835
836,37836
837,37837
838,37838
839,37839
840,37840
841,37841
842,37842
843,37843
844,37844
845,37845
846,37846
847,37847
848,37848
849,37849
850,37850
851,37851
852,37852
853,37853
854,37854
855,37855
856,37856
857,37857
858,37858
859,37859
860,37860
861,37861
862,37862
863,37863
864,37864
865,37865
866,37866
867,37867
868,37868
869,37869
870,37870
871,37871
872,37872
873,37873
874,37874
875,37875
876,37876
877,37877
878,37878
879,37879
880,37880
881,37881
882,37882
883,37883
884,37884
885,37885
886,37886
887,37887
888,37888
889,37889
890,37890
891,37891
892,37892
893,37893
894,37894
895,37895
896,37896
897,37897
898,37898
899,37899
900,37900
901,37901
902,37902
903,37903
904,37904
905,37905
906,37906
907,37907
908,37908
909,37909
910,37910
911,37911
912,37912
913,119001
914,119002
915,119003
916,119004
917,119005
918,119006
919,119007
920,119008
921,119009
922,119010
923,119011
924,119012
925,119013
926,119014
927,119015
928,119016
929,119017
930,119018
931,119019
932,119020
933,119021
934,119022
935,119023
936,147001
937,147002
938,147003
939,147004
940,147005
941,147006
942,147007
943,147008
944,147009
945,147010
946,147011
947,147012
948,147013
949,147014
950,147015
951,147016
952,147017
953,147018
954,147019
955,147020
956,147021
957,147022
958,147023
959,147024
960,147025
961,147026
962,147027
963,147028
964,147029
965,147030
966,147031
967,147032
968,147033
969,147034
970,147035
971,147036
972,147037
973,147038
974,147039
975,147040
976,147041
977,147042
978,147043
979,147044
980,147045
981,147046
982,147047
983,147048
984,147049
985,147050
986,147051
987,147052
988,147053
989,147054
990,147055
991,147056
992,147057
993,147058
994,147059
995,147060
996,147061
997,147062
998,147063
999,147064
1000,147065
1001,147066
1002,147067
1003,147068
1004,147069
1005,147070
1006,147071
1007,147072
1008,147073
1009,147074
1010,147075
1011,147076
1012,147077
1013,147078
1014,147079
1015,147080
1016,147081
1017,147082
1018,147083
1019,147084
1020,147085
1021,147086
1022,147087
1023,147088
1024,147089
1025,147090
1026,147091
1027,147092
1028,147093
1029,147094
1030,147095
1031,147096
1032,147097
1033,147098
1034,147099
1035,147100
1036,147101
1037,147102
1038,147103
1039,147104
1040,147105
1041,147106
1042,147107
1043,147108
1044,147109
1045,147110
1046,147111
1047,147112
1048,147113
1049,147114
1050,149001
1051,149002
1052,149003
1053,149004
1054,149005
1055,149006
1056,149007
1057,149008
1058,149009
1059,149010
1060,149011
1061,149012
1062,149013
1063,149014
1064,149015
1065,149016
1066,149017
1067,149018
1068,149019
1069,149020
1070,149021
1071,149022
1072,149023
1073,149024
1074,149025
1075,149026
1076,149027
1077,149028
1078,149029
1079,149030
1080,149031
1081,149032
1082,149033
1083,149034
1084,149035
1085,149036
1086,149037
1087,149038
1088,149039
1089,149040
1090,149041
1091,149042
1092,149043
1093,149044
1094,149045
1095,149046
1096,149047
1097,149048
1098,149049
1099,149050
1100,149051
1101,149052
1102,149053
1103,149054
1104,149055
1105,149056
1106,149057
1107,149058
1108,149059
1109,149060
1110,149061
1111,149062
1112,149063
1113,149064
1114,149065
1115,149066
1116,149067
1117,149068
1118,149069
1119,149070
1120,149071
1121,149072
1122,149073
1123,149074
1124,149075
1125,149076
1126,149077
1127,149078
1128,149079
1129,149080
1130,149081
1131,149082
1132,149083
1133,149084
1134,149085
1135,149086
1136,149087
1137,149088
1138,149089
1139,149090
1140,149091
1141,149092
1142,149093
1143,149094
1144,149095
1145,149096
1146,149097
1147,149098
1148,149099
1149,149100
1150,149101
1151,149102
1152,149103
1153,149104
1154,149105
1155,149106
1156,149107
1157,149108
1158,149109
1159,149110
1160,149111
1161,149112
1162,149113
1163,149114
1164,149115
1165,149116
1166,149117
1167,149118
1168,149119
1169,149120
1170,149121
1171,149122
1172,149123
1173,149124
1174,149125
1175,149126
1176,149127
1177,149128
1178,149129
1179,149130
1180,149131
1181,149132
1182,149133
1183,149134
1184,149135
1185,149136
1186,149137
1187,149138
1188,149139
1189,149140
1190,149141
1191,149142
1192,149143
1193,149144
1194,149145
1195,149146
1196,149147
1197,149148
1198,149149
1199,149150
1200,149151
1201,149152
1202,149153
1203,149154
1204,149155
1205,149156
1206,149157
1207,149158
1208,149159
1209,149160
1210,149161
1211,149162
1212,149163
1213,149164
1214,149165
1215,149166
1216,149167
1217,149168
1218,149169
1219,149170
1220,149171
1221,149172
1222,149173
1223,149174
1224,149175
1225,149176
1226,149177
1227,149178
1228,149179
1229,149180
1230,149181
1231,149182
1232,149183
1233,149184
1234,149185
1235,149186
1236,149187
1237,149188
1238,149189
1239,149190
1240,149191
1241,149192
1242,149193
1243,149194
1244,149195
1245,149196
1246,149197
1247,149198
1248,149199
1249,149200
1250,149201
1251,149202
1252,149203
1253,149204
1254,149205
1255,149206
1256,149207
1257,149208
1258,149209
1259,149210
1260,149211
1261,149212
1262,149213
1263,149214
1264,149215
1265,149216
1266,149217
1267,149218
1268,149219
1269,149220
1270,149221
1271,149222
1272,149223
1273,149224
1274,149225
1275,149226
1276,149227
1277,149228
1278,149229
1279,149230
1280,149231
1281,149232
1282,149233
1283,149234
1284,149235
1285,149236
1286,149237
1287,149238
1288,149239
1289,149240
1290,149241
1291,149242
1292,149243
1293,149244
1294,149245
1295,149246
1296,149247
1297,149248
1298,149249
1299,149250
1300,149251
1301,149252
1302,149253
1303,149254
1304,149255
1305,149256
1306,149257
1307,149258
1308,149259
1309,149260
1310,149261
1311,149262
1312,149263
1313,149264
1314,149265
1315,149266
1316,149267
1317,149268
1318,149269
1319,149270
1320,149271
1321,149272
1322,149273
1323,149274
1324,149275
1325,149276
1326,149277
1327,149278
1328,149279
1329,149280
1330,149281
1331,149282
1332,149283
1333,149284
1334,149285
1335,149286
1336,149287
1337,149288
1338,149289
1339,149290
1340,149291
1341,149292
1342,149293
1343,149294
1344,149295
1345,149296
1346,149297
1347,149298
1348,149299
1349,149300
1350,149301
1351,149302
1352,149303
1353,165001
1354,165002
1355,165003
1356,165004
1357,165005
1358,165006
1359,165007
1360,165008
1361,165009
1362,165010
1363,165011
1364,165012
1365,165013
1366,165014
1367,165015
1368,165016
1369,165017
1370,165018
1371,165019
1372,165020
1373,165021
1374,165022
1375,165023
1376,165024
1377,165025
1378,165026
1379,165027
1380,165028
1381,165029
1382,165030
1383,165031
1384,165032
1385,165033
1386,165034
1387,165035
1388,165036
1389,165037
1390,165038
1391,165039
1392,165040
1393,165041
1394,165042
1395,165043
1396,165044
1397,165045
1398,165046
1399,165047
1400,165048
1401,165049
1402,165050
1403,165051
1404,165052
1405,165053
1406,165054
1407,165055
1408,165056
1409,165057
1410,165058
1411,165059
1412,165060
1413,165061
1414,165062
1415,165063
1416,165064
1417,165065
1418,165066
1419,165067
1420,165068
1421,165069
1422,165070
1423,165071
1424,165072
1425,165073
1426,165074
1427,165075
1428,165076
1429,165077
1430,165078
1431,165079
1432,165080
1433,165081
1434,165082
1435,165083
1436,165084
1437,165085
1438,165086
1439,165087
1440,165088
1441,165089
1442,165090
1443,165091
1444,165092
1445,165093
1446,165094
1447,165095
1448,165096
1449,165097
1450,165098
1451,165099
1452,165100
1453,165101
1454,165102
1455,165103
1456,165104
1457,165105
1458,165106
1459,165107
1460,165108
1461,165109
1462,165110
1463,165111
1464,165112
1465,165113
1466,165114
1467,165115
1468,165116
1469,165117
1470,165118
1471,165119
1472,165120
1473,165121
1474,165122
1475,165123
1476,165124
1477,165125
1478,165126
1479,165127
1480,165128
1481,165129
1482,165130
1483,165131
1484,165132
1485,165133
1486,165134
1487,165135
1488,165136
1489,165137
1490,165138
1491,165139
1492,165140
1493,165141
1494,165142
1495,165143
1496,165144
1497,165145
1498,165146
1499,165147
1500,165148
1501,165149
1502,165150
1503,165151
1504,165152
1505,165153
1506,165154
1507,165155
1508,165156
1509,165157
1510,165158
1511,165159
1512,165160
1513,165161
1514,165162
1515,165163
1516,165164
1517,165165
1518,165166
1519,165167
1520,165168
1521,165169
1522,165170
1523,165171
1524,165172
1525,165173
1526,165174
1527,165175
1528,165176
1529,165177
1530,165178
1531,165179
1532,165180
1533,165181
1534,165182
1535,165183
1536,165184
1537,165185
1538,165186
1539,165187
1540,165188
1541,165189
1542,165190
1543,165191
1544,165192
1545,165193
1546,165194
1547,165195
1548,165196
1549,165197
1550,165198
1551,165199
1552,165200
1553,165201
1554,165202
1555,165203
1556,165204
1557,165205
1558,165206
1559,165207
1560,165208
1561,165209
1562,165210
1563,165211
1564,165212
1565,165213
1566,165214
1567,165215
1568,165216
1569,165217
1570,165218
1571,165219
1572,165220
1573,165221
1574,165222
1575,165223
1576,165224
1577,165225
1578,165226
1579,165227
1580,165228
1581,165229
1582,165230
1583,165231
1584,165232
1585,165233
1586,165234
1587,165235
1588,165236
1589,165237
1590,165238
1591,165239
1592,165240
1593,165241
1594,165242
1595,165243
1596,165244
1597,165245
1598,165246
1599,165247
1600,165248
1601,165249
1602,165250
1603,165251
1604,165252
1605,165253
1606,165254
1607,165255
1608,165256
1609,187001
1610,187002
1611,187003
1612,187004
1613,187005
1614,187006
1615,187007
1616,187008
1617,187009
1618,187010
1619,187011
1620,187012
1621,187013
1622,187014
1623,187015
1624,187016
1625,187017
1626,187018
1627,187019
1628,187020
1629,187021
1630,187022
1631,187023
1632,187024
1633,187025
1634,187026
1635,187027
1636,187028
1637,187029
1638,187030
1639,187031
1640,187032
1641,187033
1642,187034
1643,187035
1644,187036
1645,187037
1646,187038
1647,187039
1648,187040
1649,187041
1650,187042
1651,187043
1652,187044
1653,187045
1654,187046
1655,187047
1656,187048
1657,187049
1658,187050
1659,187051
1660,187052
1661,187053
1662,187054
1663,187055
1664,187056
1665,187057
1666,187058
1667,187059
1668,187060
1669,187061
1670,187062
1671,187063
1672,187064
1673,187065
1674,187066
1675,187067
1676,187068
1677,187069
1678,187070
1679,187071
1680,187072
1681,187073
1682,187074
1683,187075
1684,187076
1685,187077
1686,187078
1687,187079
1688,187080
1689,187081
1690,187082
1691,187083
1692,187084
1693,187085
1694,187086
1695,187087
1696,187088
1697,187089
1698,187090
1699,187091
1700,187092
1701,187093
1702,187094
1703,187095
1704,187096
1705,187097
1706,187098
1707,187099
1708,187100
1709,187101
1710,187102
1711,187103
1712,187104
1713,187105
1714,187106
1715,187107
1716,187108
1717,187109
1718,187110
1719,187111
1720,187112
1721,187113
1722,187114
1723,187115
1724,187116
1725,187117
1726,187118
1727,187119
1728,187120
1729,187121
1730,187122
1731,187123
1732,187124
1733,187125
1734,187126
1735,187127
1736,187128
1737,187129
1738,187130
1739,187131
1740,187132
1741,187133
1742,187134
1743,187135
1744,187136
1745,187137
1746,187138
1747,187139
1748,187140
1749,187141
1750,187142
1751,187143
1752,187144
1753,187145
1754,187146
1755,187147
1756,187148
1757,187149
1758,187150
1759,187151
1760,187152
1761,187153
1762,187154
1763,187155
1764,187156
1765,187157
1766,187158
1767,187159
1768,187160
1769,187161
1770,187162
1771,187163
1772,187164
1773,187165
1774,187166
1775,187167
1776,187168
1777,187169
1778,187170
1779,187171
1780,187172
1781,187173
1782,187174
1783,187175
1784,187176
1785,187177
1786,187178
1787,187179
1788,187180
1789,187181
1790,187182
1791,187183
1792,187184
1793,187185
1794,187186
1795,187187
1796,187188
1797,187189
1798,187190
1799,187191
1800,187192
1801,187193
1802,187194
1803,187195
1804,187196
1805,187197
1806,187198
1807,187199
1808,187200
1809,187201
1810,187202
1811,187203
1812,187204
1813,187205
1814,187206
1815,187207
1816,187208
1817,187209
1818,187210
1819,187211
1820,187212
1821,187213
1822,187214
1823,187215
1824,187216
1825,187217
1826,187218
1827,187219
1828,187220
1829,187221
1830,187222
1831,187223
1832,187224
1833,187225
1834,187226
1835,187227
1836,187228
1837,187229
1838,187230
1839,187231
1840,187232
1841,187233
1842,187234
1843,187235
1844,187236
1845,187237
1846,187238
1847,187239
1848,187240
1849,187241
1850,187242
1851,187243
1852,187244
1853,187245
1854,187246
1855,187247
1856,187248
1857,187249
1858,187250
1859,187251
1860,187252
1861,187253
1862,187254
1863,187255
1864,187256
1865,187257
1866,187258
1867,187259
1868,187260
1869,187261
1870,187262
1871,187263
1872,187264
1873,187265
1874,187266
1875,187267
1876,187268
1877,187269
1878,187270
1879,187271
1880,187272
1881,187273
1882,187274
1883,187275
1884,187276
1885,187277
1886,187278
1887,187279
1888,187280
1889,189001
1890,189002
1891,189003
1892,189004
1893,189005
1894,189006
1895,189007
1896,189008
1897,189009
1898,189010
1899,189011
1900,189012
1901,189013
1902,189014
1903,189015
1904,189016
1905,189017
1906,189018
1907,189019
1908,189020
1909,189021
1910,189022
1911,189023
1912,189024
1913,189025
1914,189026
1915,189027
1916,189028
1917,189029
1918,189030
1919,189031
1920,189032
1921,189033
1922,189034
1923,189035
1924,189036
1925,189037
1926,189038
1927,189039
1928,189040
1929,189041
1930,189042
1931,189043
1932,189044
1933,189045
1934,189046
1935,189047
1936,189048
1937,189049
1938,189050
1939,189051
1940,189052
1941,189053
1942,189054
1943,189055
1944,189056
1945,189057
1946,189058
1947,189059
1948,189060
1949,189061
1950,189062
1951,189063
1952,189064
1953,189065
1954,189066
1955,189067
1956,189068
1957,189069
1958,189070
1959,189071
1960,189072
1961,189073
1962,189074
1963,189075
1964,189076
1965,189077
1966,189078
1967,189079
1968,189080
1969,189081
1970,189082
1971,189083
1972,189084
1973,189085
1974,189086
1975,189087
1976,189088
1977,189089
1978,189090
1979,189091
1980,189092
1981,189093
1982,189094
1983,189095
1984,189096
1985,189097
1986,189098
1987,189099
1988,189100
1989,189101
1990,189102
1991,189103
1992,189104
1993,189105
1994,189106
1995,189107
1996,189108
1997,189109
1998,189110
1999,189111
2000,189112
2001,189113
2002,189114
2003,189115
2004,189116
2005,189117
2006,189118
2007,189119
2008,189120
2009,189121
2010,189122
2011,189123
2012,189124
2013,189125
2014,189126
2015,189127
2016,189128
2017,189129
2018,189130
2019,189131
2020,189132
2021,189133
2022,189134
2023,189135
2024,189136
2025,189137
2026,189138
2027,189139
2028,189140
2029,189141
2030,189142
2031,189143
2032,189144
2033,189145
2034,189146
2035,189147
2036,189148
2037,189149
2038,189150
2039,189151
2040,189152
2041,189153
2042,189154
2043,189155
2044,189156
2045,189157
2046,189158
2047,189159
2048,189160
2049,189161
2050,189162
2051,189163
2052,189164
2053,189165
2054,189166
2055,189167
2056,189168
2057,189169
2058,189170
2059,189171
2060,189172
2061,189173
2062,189174
2063,189175
2064,189176
2065,189177
2066,189178
2067,189179
2068,189180
2069,189181
2070,189182
2071,189183
2072,189184
2073,189185
2074,189186
2075,189187
2076,189188
2077,189189
2078,189190
2079,189191
2080,189192
2081,189193
2082,189194
2083,189195
2084,189196
2085,189197
2086,189198
2087,189199
2088,189200
2089,189201
2090,189202
2091,189203
2092,189204
2093,189205
2094,189206
2095,189207
2096,189208
2097,189209
2098,189210
2099,189211
2100,189212
2101,189213
2102,189214
2103,198001
2104,198002
2105,198003
2106,198004
2107,198005
2108,198006
2109,198007
2110,198008
2111,198009
2112,198010
2113,198011
2114,198012
2115,198013
2116,198015
2117,198017
2118,198018
2119,198019
2120,198020
2121,198021
2122,198022
2123,198023
2124,198024
2125,198025
2126,198026
2127,198027
2128,198028
2129,198029
2130,198030
2131,198032
2132,198033
2133,198034
2134,198035
2135,198037
2136,198038
2137,198039
2138,198040
2139,198041
2140,198042
2141,198043
2142,198044
2143,198045
2144,198046
2145,198047
2146,198050
2147,198051
2148,198052
2149,198053
2150,198054
2151,198055
2152,198056
2153,198057
2154,198058
2155,198059
2156,198060
2157,198061
2158,198062
2159,198063
2160,198064
2161,198065
2162,198066
2163,198067
2164,198068
2165,198069
2166,198070
2167,198072
2168,198073
2169,198074
2170,198075
2171,198076
2172,198077
2173,198078
